{
    "TargetParams": 5000,
    "NumLayers": 2,
    "HiddenLayers": [
        38,
        38
    ],
    "ParamsActual": 5000,
    "R2_mean": 0.5903176575899124,
    "R2_std": 0.0181559053095629,
    "MSE_scaled_mean": 0.003486256580799818,
    "MSE_scaled_std": 0.00016406591748818755,
    "Time_mean": 1.648569107055664,
    "Time_std": 0.07470488830369601
}