{
    "TargetParams": 10000,
    "NumLayers": 2,
    "HiddenLayers": [
        63,
        63
    ],
    "ParamsActual": 10000,
    "R2_mean": 0.9030586312214532,
    "R2_std": 0.0027841281886124528,
    "MSE_scaled_mean": 0.0007937457412481308,
    "MSE_scaled_std": 2.3140388293541037e-05,
    "Time_mean": 155.5869120121002,
    "Time_std": 58.37440701634182
}