{
    "TargetParams": 10000,
    "NumLayers": 2,
    "HiddenLayers": [
        63,
        63
    ],
    "ParamsActual": 10000,
    "R2_mean": 0.6768545597791672,
    "R2_std": 0.015058315784681128,
    "MSE_scaled_mean": 0.0027063030283898115,
    "MSE_scaled_std": 0.00013016552838962525,
    "Time_mean": 1.7105514049530028,
    "Time_std": 0.04619358841621507
}