{
    "TargetParams": 2500,
    "NumLayers": 1,
    "HiddenLayers": [
        62
    ],
    "ParamsActual": 2500,
    "R2_mean": 0.8981385340293249,
    "R2_std": 0.0025090804288725064,
    "MSE_scaled_mean": 0.000828162650577724,
    "MSE_scaled_std": 2.121582110703457e-05,
    "Time_mean": 92.02438197135925,
    "Time_std": 1.6974944785864154
}