{
    "TargetParams": 7500,
    "NumLayers": 1,
    "HiddenLayers": [
        81
    ],
    "ParamsActual": 7500,
    "R2_mean": 0.6314601302146912,
    "R2_std": 0.013450832049952953,
    "MSE_scaled_mean": 0.003090499434620142,
    "MSE_scaled_std": 0.00012000086280750111,
    "Time_mean": 1.4673572540283204,
    "Time_std": 0.03397228542033746
}