{
    "TargetParams": 12500,
    "NumLayers": 2,
    "HiddenLayers": [
        74,
        74
    ],
    "ParamsActual": 12500,
    "R2_mean": 0.7134774446487426,
    "R2_std": 0.016972891797271118,
    "MSE_scaled_mean": 0.0023977612145245075,
    "MSE_scaled_std": 0.00013916115858592093,
    "Time_mean": 2.54152774810791,
    "Time_std": 0.4059013497770718
}