{
    "TargetParams": 5000,
    "NumLayers": 2,
    "HiddenLayers": [
        53,
        53
    ],
    "ParamsActual": 5000,
    "R2_mean": 0.9077078600724539,
    "R2_std": 0.0010684877634048462,
    "MSE_scaled_mean": 0.0007549600559286773,
    "MSE_scaled_std": 9.637617040425539e-06,
    "Time_mean": 360.46856224536896,
    "Time_std": 25.621570944786072
}