{
    "TargetParams": 12500,
    "NumLayers": 1,
    "HiddenLayers": [
        134
    ],
    "ParamsActual": 12500,
    "R2_mean": 0.6936463753382365,
    "R2_std": 0.011148833697011954,
    "MSE_scaled_mean": 0.0025630032178014517,
    "MSE_scaled_std": 9.883941675070673e-05,
    "Time_mean": 1.644636869430542,
    "Time_std": 0.15292458742062384
}