{
    "TargetParams": 7500,
    "NumLayers": 2,
    "HiddenLayers": [
        51,
        51
    ],
    "ParamsActual": 7500,
    "R2_mean": 0.6513163715600968,
    "R2_std": 0.021089929206171518,
    "MSE_scaled_mean": 0.0029413187876343727,
    "MSE_scaled_std": 0.00018155465659219772,
    "Time_mean": 1.6808140277862549,
    "Time_std": 0.0910103451934736
}