{
    "TargetParams": 10000,
    "NumLayers": 1,
    "HiddenLayers": [
        107
    ],
    "ParamsActual": 10000,
    "R2_mean": 0.6614686568578084,
    "R2_std": 0.012692362736198252,
    "MSE_scaled_mean": 0.0028461941983550787,
    "MSE_scaled_std": 0.00011612115486059338,
    "Time_mean": 1.5870340824127198,
    "Time_std": 0.13174549952375014
}