{
    "TargetParams": 7500,
    "NumLayers": 1,
    "HiddenLayers": [
        187
    ],
    "ParamsActual": 7500,
    "R2_mean": 0.8986611813306808,
    "R2_std": 0.0016138311770737001,
    "MSE_scaled_mean": 0.000824857852421701,
    "MSE_scaled_std": 1.4727458619745448e-05,
    "Time_mean": 112.25082907676696,
    "Time_std": 8.085874281225982
}