{
    "TargetParams": 15000,
    "NumLayers": 1,
    "HiddenLayers": [
        300
    ],
    "ParamsActual": 15000,
    "R2_mean": 0.8957356522480646,
    "R2_std": 0.0022379352554970874,
    "MSE_scaled_mean": 0.0008526878664270043,
    "MSE_scaled_std": 1.943951065186411e-05,
    "Time_mean": 92.27224125862122,
    "Time_std": 15.424128016680006
}