{
    "TargetParams": 5000,
    "NumLayers": 1,
    "HiddenLayers": [
        54
    ],
    "ParamsActual": 5000,
    "R2_mean": 0.5843887915213903,
    "R2_std": 0.009534350702431846,
    "MSE_scaled_mean": 0.0035264394246041775,
    "MSE_scaled_std": 8.815358887659386e-05,
    "Time_mean": 1.463121509552002,
    "Time_std": 0.07403009792572508
}