{
    "TargetParams": 15000,
    "NumLayers": 2,
    "HiddenLayers": [
        104,
        104
    ],
    "ParamsActual": 15000,
    "R2_mean": 0.9054703911145527,
    "R2_std": 0.002347447620166523,
    "MSE_scaled_mean": 0.0007725411560386419,
    "MSE_scaled_std": 2.0480158127611503e-05,
    "Time_mean": 117.7511462211609,
    "Time_std": 6.543833725153852
}